A.DIF3D     6    2    0
        5        1        1        1        1        1
01                                                                              
01  ************************************************************                
01            A.DIF3D :  ABR  1000MWt, 12-Month                                 
01  ************************************************************                
01                                                                              
02    999000999000                                                              
03         0     0     0     0    50                                            
04         0     0     0    00   000    10   100     0     0     0     0        
05               1.0E-07     1.0E-05     1.0E-05                                
06                                                 333.333+6                    
    05            .000001    .0001       .0001                                  
                                                                                
